Instrument:	129.240.244.146
File Type:	2
Software Version:	8.7.5
Timestamp:	23:30:00
Timezone:	UTC
DATAH	DATE	TIME	BEC_3_1_1(other)	CS650PERIOD_3_1_1(other)	CS650VRATIO_3_1_1(other)	FC1DRIFTmax_1_1_1(other)	FC1DRIFTmean_1_1_1(other)	FC1DRIFTmin_1_1_1(other)	FC1DRIFTstd_1_1_1(other)	FC1DRIFTsum_1_1_1(other)	FC1WSmax_1_1_1(m/s)	FC1WSmean_1_1_1(m/s)	FC1WSmin_1_1_1(m/s)	FC2DRIFTmax_1_1_1(other)	FC2DRIFTmean_1_1_1(other)	FC2DRIFTmin_1_1_1(other)	FC2DRIFTstd_1_1_1(other)	FC2DRIFTsum_1_1_1(other)	FC2WSmax_1_1_1(m/s)	FC2WSmean_1_1_1(m/s)	FC2WSmin_1_1_1(m/s)	LWIN_1_1_1(W/m^2)	LWOUT_1_1_1(W/m^2)	METNORR_1_1_1(other)	METNOR_1_1_1(other)	METNOS_1_1_1(other)	PA_1_1_1(kPa)	PERMITTIVITY_3_1_1(other)	RH_1_1_1(%)	RH_1_2_1(%)	SHF_1_1_1(W/m^2)	SHF_1_1_2(other)	SHF_2_1_1(W/m^2)	SHF_2_1_2(other)	SWC_3_1_1(m^3/m^3)	SWIN_1_1_1(W/m^2)	SWOUT_1_1_1(W/m^2)	TA_1_1_1(C)	TA_1_2_1(C)	TSS_1_1_1(C)	TS_1_1_1(C)	TS_2_1_1(C)	TS_3_1_1(C)	VIN_1_1_1(V)	WD_1_1_1(degrees)	WS_1_1_1(m/s)	CHK
DATA	2018-08-13	23:30:00:000	0.003	3.0178	1.0091	0.002	0.002	0.002	0	0.009	3.46194	3.45139	3.4125	0.001	0.001	0.001	0	0.007	2.59111	2.54944	2.52167	2149.39	323.535	0	388.455	0.06	87.266	15.4563	72.5828	76.5439	-14.3382	-0.608169	-22.9942	-1.01372	0.2828	-7.98164	-3.44458	5.44284	5.8858	0.945	8.2	10.234	8.4518	13.698	117	0.36	 66
DATA	2018-08-13	23:31:00:000	0.003	3.0178	1.009	0.002	0.002	0.002	0	0.009	3.41917	3.39722	3.37083	0.001	0.001	0.001	0	0.006	2.53417	2.38	2.3675	2158.48	322.116	0	388.451	0.06	87.2658	15.4565	72.2448	76.5504	-14.3916	-0.610435	-23.0529	-1.01631	0.2828	-8.16291	-3.6643	5.40251	5.84544	0.73719	8.2	10.2157	8.4198	13.7037	0	0.17	214
DATA	2018-08-13	23:32:00:000	0.0034	3.0178	1.0101	0.002	0.002	0.002	0	0.017	3.36556	3.31806	3.28833	0.001	0.001	0.001	0	0.011	2.38056	2.30917	2.23417	2338.73	323.642	0	388.439	0.07	87.266	15.454	74.0027	78.0746	-14.4145	-0.611406	-23.0896	-1.01793	0.2828	-9.25639	-4.60828	5.28145	5.8051	0.90602	8.2	10.2049	8.4489	13.6821	19	0.67	221
DATA	2018-08-13	23:33:00:000	0.0032	3.0178	1.0094	0.002	0.002	0.002	0	0.018	3.35389	3.34917	3.33361	0.001	0.001	0.001	0	0.011	2.36056	2.36028	2.26389	2590.21	324.454	0	388.438	0.07	87.2657	15.4555	78.6004	78.7886	-14.4603	-0.613348	-23.1337	-1.01987	0.2828	-9.31616	-4.62339	5.20078	5.68408	1.06353	8.2	10.1699	8.4372	13.675	19	0.81	105
DATA	2018-08-13	23:34:00:000	0.0032	3.0178	1.0097	0.002	0.002	0.002	0	0.019	3.42	3.40694	3.38528	0.001	0.001	0.001	0	0.012	2.39694	2.375	2.27944	2711.23	324.408	0	388.446	0.06	87.266	15.4548	76.2677	79.4689	-14.4908	-0.614643	-23.1631	-1.02117	0.2828	-9.16919	-4.4525	5.07973	5.52267	1.12301	8.2	10.1075	8.4489	13.7177	20	0.64	 51
DATA	2018-08-13	23:35:00:000	0.0032	3.0178	1.0096	0.002	0.002	0.002	0	0.019	3.47445	3.44583	3.40694	0.001	0.001	0.001	0	0.012	2.4425	2.40361	2.32194	2729.71	324.063	0	388.448	0.06	87.266	15.4552	76.0649	79.9932	-14.5824	-0.618527	-23.1924	-1.02246	0.2828	-8.9066	-4.28858	5.07973	5.44199	1.05778	8.2	10.0522	8.4547	13.6824	39	0.58	 25
DATA	2018-08-13	23:36:00:000	0.0029	3.0178	1.0087	0.002	0.002	0.002	0	0.019	3.4825	3.47417	3.45722	0.001	0.001	0.001	0	0.013	2.50472	2.4	2.38861	2635.04	323.944	0	388.449	0.07	87.2658	15.4572	76.3354	80.0382	-14.6206	-0.620145	-23.2438	-1.02473	0.2828	-8.74395	-4.26068	5.07973	5.3613	1.04291	8.2	10.0145	8.4314	13.7139	48	0.62	 72
DATA	2018-08-13	23:37:00:000	0.0034	3.0178	1.0101	0.002	0.002	0.002	0	0.01	3.48	3.45917	3.42361	0.001	0.001	0.001	0	0.007	2.47306	2.42305	2.34111	2301.94	323.483	0	388.441	0.07	87.2657	15.454	76.0987	79.7709	-14.6664	-0.622087	-23.2732	-1.02602	0.2828	-8.54798	-4.0305	5.12006	5.3613	0.90063	8.2	9.9879	8.4024	13.6945	49	0.5	172
DATA	2018-08-13	23:38:00:000	0.0032	3.0178	1.0097	0.002	0.002	0.002	0	0.019	3.51028	3.47833	3.44	0.001	0.001	0.001	0	0.013	2.51278	2.47722	2.285	2519.88	323.468	0	388.446	0.07	87.2659	15.4548	79.2089	79.7807	-14.7045	-0.623706	-23.3246	-1.02829	0.2828	-8.38141	-3.97703	5.16042	5.32095	0.97596	8.1	9.98301	8.3849	13.7256	37	0.51	196
DATA	2018-08-13	23:39:00:000	0.0027	3.0178	1.0082	0.002	0.002	0.002	0	0.01	3.48944	3.4775	3.43944	0.001	0.001	0.001	0	0.007	2.56056	2.48195	2.36389	2124.81	323.521	0	388.448	0.06	87.2654	15.4585	75.7945	79.8714	-14.7427	-0.625324	-23.3686	-1.03023	0.2828	-8.33732	-3.94447	5.16042	5.32095	0.99139	8.1	9.97278	8.3878	13.6841	19	0.56	107
DATA	2018-08-13	23:40:00:000	0.003	3.0178	1.009	0.002	0.002	0.002	0	0.01	3.49972	3.48417	3.46528	0.001	0.001	0.001	0	0.007	2.52778	2.45806	2.40306	2056.02	323.425	0	388.444	0.06	87.2658	15.4564	75.7269	80.2753	-14.8266	-0.628884	-23.3833	-1.03088	0.2828	-8.23738	-3.86193	5.20078	5.32095	0.99913	8.1	10.0019	8.3995	13.6862	13	0.54	 13
DATA	2018-08-13	23:41:00:000	0.0033	3.0178	1.0099	0.002	0.002	0.002	0	0.01	3.49583	3.47111	3.45556	0.001	0.001	0.001	0	0.007	2.54361	2.45806	2.31722	2035.98	322.885	0	388.433	0.06	87.2657	15.4545	75.2535	80.3499	-14.8495	-0.629855	-23.3907	-1.0312	0.2828	-8.14821	-3.80497	5.28145	5.32095	0.95875	8.1	10.0271	8.4082	13.6868	15	0.69	 64
DATA	2018-08-13	23:42:00:000	0.0033	3.0178	1.01	0.002	0.002	0.002	0	0.01	3.56528	3.50667	3.44306	0.001	0.001	0.001	0	0.006	2.56167	2.32139	2.32139	2035.6	321.973	0	388.442	0.06	87.2655	15.4541	75.2535	80.4015	-14.8647	-0.630503	-23.4641	-1.03444	0.2828	-8.00124	-3.68988	5.32179	5.28062	0.83288	8.1	10.0476	8.3995	13.6896	28	0.57	180
DATA	2018-08-13	23:43:00:000	0.0031	3.0178	1.0092	0.002	0.002	0.002	0	0.01	3.50056	3.46222	3.45472	0.001	0.001	0.001	0	0.005	2.46195	2.40361	2.36194	2040.42	321.235	0	388.612	0.06	87.2656	15.456	74.5098	80.3682	-14.9182	-0.632768	-23.4788	-1.03509	0.2828	-7.94049	-3.65849	5.32179	5.28062	0.72044	8.1	10.0646	8.3733	13.6984	12	0.58	 23
DATA	2018-08-13	23:44:00:000	0.0031	3.0178	1.0093	0.002	0.002	0.002	0	0.009	3.45806	3.425	3.41389	0.001	0.001	0.001	0	0.006	2.48139	2.29	2.29	2043.25	321.555	0	388.444	0.07	87.2657	15.4559	76.4368	80.5613	-14.9334	-0.633416	-23.5008	-1.03606	0.2828	-8.1247	-3.85263	5.28145	5.28062	0.69869	8.1	10.0779	8.3704	13.6915	19	0.42	192
DATA	2018-08-13	23:45:00:000	0.0029	3.0178	1.0088	0.002	0.002	0.002	0	0.009	3.44556	3.43556	3.42278	0.001	0.001	0.001	0	0.007	2.38472	2.33556	2.28639	2116.59	321.716	0	388.449	0.06	87.2655	15.457	74.5436	80.4582	-15.0326	-0.637623	-23.5448	-1.038	0.2828	-7.87386	-3.80265	5.32179	5.28062	0.61443	8.1	10.0837	8.3995	13.6949	0	0.28	233
DATA	2018-08-13	23:46:00:000	0.0028	3.0178	1.0085	0.002	0.002	0.002	0	0.009	3.49667	3.46611	3.43694	0.001	0.001	0.001	0	0.007	2.46361	2.39	2.33972	2055.64	321.244	0	388.444	0.06	87.2655	15.4578	74.2393	80.3055	-15.0784	-0.639565	-23.5742	-1.03929	0.2828	-7.79744	-3.75266	5.36215	5.24028	0.58033	8.1	10.0854	8.3617	13.7161	0	0.2	151
DATA	2018-08-13	23:47:00:000	0.0032	3.0178	1.0097	0.002	0.002	0.002	0	0.01	3.49833	3.47611	3.45611	0.001	0.001	0.001	0	0.007	2.44111	2.39361	2.33417	2041.21	321.3	0	388.444	0.05	87.2656	15.4548	74.2731	80.1211	-15.0555	-0.638594	-23.5962	-1.04026	0.2828	-7.70141	-3.67826	5.36215	5.19995	0.54659	8.1	10.0902	8.3529	13.7085	63	0.5	153
DATA	2018-08-13	23:48:00:000	0.0027	3.0178	1.0081	0.002	0.002	0.002	0	0.01	3.49806	3.48972	3.46806	0.001	0.001	0.001	0	0.007	2.44583	2.32056	2.30861	2038.8	322.705	0	388.449	0.06	87.2658	15.4587	74.1379	80.005	-15.0861	-0.639889	-23.6183	-1.04124	0.2828	-7.83565	-3.72011	5.40251	5.24028	0.84779	8.1	10.0929	8.3413	13.6863	74	0.84	  3
DATA	2018-08-13	23:49:00:000	0.0033	3.0178	1.0099	0.002	0.002	0.002	0	0.01	3.52611	3.50694	3.44694	0.001	0.001	0.001	0	0.007	2.41361	2.31833	2.13778	2025.42	322.884	0	388.449	0.06	87.2657	15.4544	73.6984	79.8904	-15.1471	-0.642478	-23.6623	-1.04318	0.2828	-7.91698	-3.86891	5.40251	5.32095	0.90267	8.1	10.0946	8.3239	13.7121	69	0.61	117
DATA	2018-08-13	23:50:00:000	0.0029	3.0178	1.0086	0.002	0.002	0.002	0	0.01	3.53889	3.50444	3.49389	0.001	0.001	0.001	0	0.007	2.54639	2.41444	2.38333	2229.94	322.585	0	388.446	0.05	87.2659	15.4575	73.4956	79.2667	-15.1776	-0.643773	-23.6917	-1.04447	0.2828	-7.87974	-3.87356	5.4832	5.3613	0.88174	8.1	10.1003	8.35	13.6901	58	0.26	204
DATA	2018-08-13	23:51:00:000	0.0032	3.0178	1.0097	0.002	0.002	0.002	0	0.01	3.4975	3.47028	3.44333	0.001	0.001	0.001	0	0.007	2.47833	2.31222	2.31222	2369.31	322.167	0	388.426	0.05	87.2656	15.4548	73.0899	78.922	-15.231	-0.646039	-23.7211	-1.04577	0.2828	-7.95813	-3.97005	5.4832	5.44199	0.83985	8.1	10.0612	8.3471	13.6908	56	0.34	135
DATA	2018-08-13	23:52:00:000	0.0029	3.0178	1.0088	0.002	0.002	0.002	0	0.009	3.475	3.44361	3.40139	0.001	0.001	0.001	0	0.007	2.44639	2.44167	2.17389	2183.09	322.81	0	388.444	0.05	87.2656	15.4571	73.1575	78.9808	-15.2844	-0.648304	-23.7798	-1.04836	0.2828	-8.03847	-4.07584	5.52356	5.44199	0.91757	8.1	10.0424	8.318	13.6928	47	0.55	242
DATA	2018-08-13	23:53:00:000	0.003	3.0178	1.0089	0.002	0.002	0.002	0	0.018	3.4175	3.38889	3.37028	0.001	0.001	0.001	0	0.015	2.4475	2.34167	2.29056	2455.88	323.365	0	388.45	0.05	87.2658	15.4567	72.5152	78.8326	-15.3226	-0.649923	-23.8018	-1.04933	0.2828	-8.3383	-4.34555	5.52356	5.48233	0.99582	8.1	10.0228	8.3297	13.6905	20	0.51	173
DATA	2018-08-13	23:54:00:000	0.0032	3.0178	1.0095	0.002	0.002	0.002	0	0.017	3.39722	3.36667	3.33861	0.001	0.001	0.001	0	0.013	2.43028	2.37	2.19083	2653.47	322.61	0	388.449	0.05	87.2657	15.4553	72.0757	78.3496	-15.3531	-0.651218	-23.8238	-1.0503	0.2828	-8.56366	-4.33625	5.4832	5.52267	0.99734	8.1	9.97302	8.3384	13.7066	46	0.48	116
DATA	2018-08-13	23:55:00:000	0.0032	3.0178	1.0095	0.002	0.002	0.002	0	0.017	3.36667	3.34778	3.34	0.001	0.001	0.001	0	0.012	2.3775	2.27222	2.21333	2660.82	322.819	0	388.449	0.05	87.2656	15.4553	75.5916	78.3839	-15.376	-0.652188	-23.8532	-1.05159	0.2828	-8.72729	-4.30719	5.40251	5.56389	0.82679	8.1	9.91635	8.3239	13.6848	101	0.46	243
DATA	2018-08-13	23:56:00:000	0.003	3.0178	1.0089	0.002	0.002	0.002	0	0.018	3.43417	3.40806	3.34111	0.001	0.001	0.001	0	0.013	2.42194	2.33028	2.03722	2679.28	321.286	0	388.48	0.05	87.2656	15.4567	72.6504	78.4128	-15.4142	-0.653807	-23.8752	-1.05256	0.2828	-8.28637	-4.0956	5.40251	5.52267	0.83109	8.1	9.88253	8.3355	13.7295	34	0.37	247
DATA	2018-08-13	23:57:00:000	0.0032	3.0178	1.0094	0.002	0.002	0.002	0	0.018	3.41333	3.40194	3.37806	0.001	0.001	0.001	0	0.013	2.39833	2.34083	2.25306	2576.92	321.672	0	388.444	0.04	87.2655	15.4555	72.9547	78.2216	-15.4752	-0.656396	-23.9266	-1.05483	0.2828	-8.56366	-4.19558	5.32179	5.56303	0.92281	8.1	9.85566	8.318	13.6847	37	0.86	141
DATA	2018-08-13	23:58:00:000	0.0032	3.0178	1.0095	0.002	0.002	0.002	0	0.009	3.39889	3.39444	3.38417	0.001	0.001	0.001	0	0.006	2.41472	2.3375	2.30444	2316.79	321.326	0	388.444	0.05	87.2656	15.4553	73.5632	78.0121	-15.4829	-0.65672	-23.9707	-1.05677	0.2828	-8.96147	-4.21302	5.32179	5.60338	0.76915	8.1	9.84561	8.3239	13.6885	59	0.77	 90
DATA	2018-08-13	23:59:00:000	0.0031	3.0178	1.0093	0.002	0.002	0.002	0	0.009	3.43694	3.39694	3.38861	0.001	0.001	0.001	0	0.005	2.36417	2.31889	2.31583	2078.13	321.451	0	388.444	0.05	87.2655	15.4557	73.6646	77.7664	-15.5515	-0.659633	-24.0147	-1.05871	0.2828	-9.10158	-4.04213	5.24109	5.52267	0.80287	8.1	9.86853	8.3122	13.716	31	0.62	109
